            A        R        N        D        C        Q        E        G        H        I        L        K        M        F        P        S        T        W        Y        V
 1 A   0.0139  -0.0143  -0.0022  -0.0506   0.0088  -0.0417    0.005  -0.0536  -0.0467  -0.0285  -0.0011  -0.0704   0.0169   -0.003  -0.0321  -0.0029  -0.0394   0.0237    0.048  -0.0491
 2 A   0.0977   0.0383  -0.1043  -0.0922  -0.0127  -0.0313  -0.0213  -0.0609  -0.0201   0.0916    0.053  -0.0606   0.0431  -0.0321   0.0224   0.1246   0.1399   0.0674   0.0398   0.0643
 3 A   0.0204   0.0011   0.0483   0.0908   0.0215  -0.0281  -0.0071  -0.0487  -0.0316  -0.0016   -0.029  -0.0422  -0.0017  -0.0252   0.0034   0.0331  -0.0271  -0.0273   0.0081  -0.0297
 4 A  -0.0094   0.0251   -0.002   0.0261   0.0213   0.0292   0.0031   0.0246   0.0158  -0.0231   0.0009   0.0004   0.0121  -0.0344   0.0118    0.029    0.072   -0.023  -0.0045   0.0262
 5 A    0.032   0.0121   0.0104   0.0047  -0.0212   0.0378   0.0188   0.0079   0.0392  -0.0015   0.0384   0.0097  -0.0046   0.0939   0.0032   0.0073   0.0387   0.0091   0.0491   0.0087
 6 A   0.0199   0.0233   0.0283   0.0539  -0.0156  -0.0145   0.0329   0.0445    0.045   0.0301   0.0044   -0.033   0.0334    0.051  -0.0139   0.0267   0.0468   0.0518  -0.0072   0.0312
 7 A   0.0595   0.0111  -0.0338   0.0044     -0.1  -0.0155  -0.0189   0.0196    0.026  -0.0033   0.0077  -0.0289   0.0091   0.0348   0.0229   0.0111   0.0204   0.0572  -0.0194   0.0052
 8 A   0.0073  -0.0447  -0.0772  -0.0222  -0.0105  -0.0699  -0.0089   -0.014  -0.0031   0.0272   0.0192  -0.0168     0.02  -0.0373  -0.0164  -0.0011   0.0123  -0.0342   0.0603  -0.0022
 9 A   0.0019  -0.0138   0.0217   0.0375   0.0069  -0.1218  -0.0479  -0.0717   0.0214  -0.0019   0.0185  -0.0288   0.0166   -0.004   0.0084  -0.0088  -0.0063   0.0312   0.1104   0.0144
