            A        R        N        D        C        Q        E        G        H        I        L        K        M        F        P        S        T        W        Y        V
 1 A   0.2962   0.7021  -0.1944  -0.6251  -1.2015  -0.5358  -0.0426  -0.9101  -0.3137   0.0553  -0.8637   0.3173    0.731   1.2924  -1.5109   0.5378  -0.5461   1.0814   2.4142  -1.0404
 2 A  -0.7624   -1.415  -3.2234   -5.625  -2.4562  -0.1173   -2.431  -5.6099  -1.1614   1.2654   3.0117  -4.7471   3.0121  -2.8529   0.0066   -0.661   1.8267   -2.049  -0.9681   0.8607
 3 A  -0.4837  -0.4706   0.2594   1.2598  -1.4232  -0.4395     -0.7  -1.2181  -0.5629    0.047  -0.2011  -0.4494    1.166   1.1126   0.4228   0.5263  -0.7181   1.9225   1.8916  -1.3456
 4 A  -1.1679   0.2905   0.2413   0.9406  -0.3517    0.726   0.5442   0.5888  -0.1511  -0.7267  -0.8318  -0.0896  -0.8203  -0.4537   1.2632   0.2561  -0.1026   1.5918   0.3438  -1.0873
 5 A  -0.1723  -0.2545   0.4081  -0.2244  -0.6866  -0.2763  -0.6606  -0.6073  -0.0211   0.3387  -0.7681  -0.1929   0.1076   0.4393   0.4232  -0.1383   0.0298   2.2456   1.4838   0.3163
 6 A  -1.0198  -0.0682   0.7689  -0.4141   0.6531   0.6536  -1.1876  -0.6881  -0.4797   0.3488  -0.1422  -0.7845   0.6902   0.6971   0.5781   0.5054   0.7341   1.0525  -0.0784  -0.3947
 7 A   0.2099  -0.7635   0.3012  -0.5553  -0.6428   0.3213  -1.3542  -1.4638   0.9358  -0.1087  -0.6126  -0.6465   0.7066   1.3475   0.4319   0.4616   0.7684   2.3033   0.9352  -0.4247
 8 A   0.0368  -0.4409   -0.351  -0.2929  -0.3864  -0.0537   0.3026    -0.48  -0.7705  -0.7998  -0.0632  -0.4983   0.1278   0.8046   0.3384   0.7936   0.9812   1.5733   0.8018  -0.9055
 9 A  -0.2567  -2.0645  -5.5262  -5.3156  -2.8616  -3.4058  -4.7374  -5.5524  -3.0314   1.8049   2.2222  -0.3605     0.91   0.2612   -4.346  -3.2473   0.3459   1.8286   2.0994   2.7352
