            A        R        N        D        C        Q        E        G        H        I        L        K        M        F        P        S        T        W        Y        V
 1 A  -0.0164   0.0436   -0.099  -0.0391  -0.0699  -0.0807  -0.0621  -0.0306  -0.0204   0.0077   -0.016   0.1159  -0.0585   0.0248  -0.0936  -0.0012  -0.0164   0.0116  -0.1142  -0.0589
 2 A   0.0548   0.0152  -0.0285  -0.1107   0.0539  -0.0629  -0.1156   0.0336  -0.1007  -0.0102  -0.0795  -0.0064    0.073  -0.0596  -0.0852   0.2803    0.246   0.0663  -0.0122   0.0035
 3 A  -0.0222   0.0142   0.0108  -0.2773  -0.0786  -0.0103   0.0809   0.0133   -0.042   0.0272  -0.0952   0.1148  -0.0571   0.1051  -0.0017  -0.0884   0.0147    -0.07   0.0186   0.0396
 4 A  -0.0787   -0.017   0.0385   -0.102  -0.0891   0.0613  -0.0323   0.0029    0.088   0.0181   0.0799   0.0084  -0.0714   0.0609   0.0802  -0.0663   0.0847  -0.0301   0.0497   -0.089
 5 A   0.0759   0.0245   0.0497  -0.0299  -0.0456   0.0784  -0.0133    0.007   0.1328  -0.0407  -0.0763  -0.0684  -0.0099   0.0155  -0.0182  -0.0521   0.0799   0.0146  -0.0443    0.127
 6 A  -0.0991   0.0054   0.0764  -0.0283   0.0809   0.0244  -0.0959    0.085   0.0378   0.0985  -0.0649  -0.1504   0.0857   0.0399   -0.061   0.0005   0.0503   0.0838   0.0419   0.0452
 7 A  -0.0951  -0.1288  -0.0934  -0.0503   0.0713   0.0077  -0.0543   0.0677    0.026  -0.0437   0.0798  -0.0233   0.0121  -0.0953   0.0595  -0.1029    0.115  -0.0222    0.072   0.0498
 8 A   0.0118   -0.072  -0.0871   -0.075  -0.0902  -0.0777  -0.0543   0.0431   0.0118  -0.0424  -0.0848   0.0925   0.0135  -0.0588   -0.049   0.0483  -0.1104   0.0161   0.0931   0.0151
 9 A  -0.0515  -0.0012  -0.1278  -0.0719  -0.1087  -0.0611  -0.1816  -0.0581  -0.0461   0.0174  -0.0362   0.0968   0.0473   0.1476  -0.1245  -0.0251  -0.1149   0.3938   0.1782  -0.1138
