            A        R        N        D        C        Q        E        G        H        I        L        K        M        F        P        S        T        W        Y        V
 1 A   0.3031    0.713  -0.1969  -0.6356  -1.2199  -0.5501  -0.0435  -0.9252  -0.3258   0.0598  -0.8841   0.3223   0.7469   1.3051  -1.5373   0.5489  -0.5579   1.0879   2.4416   -1.066
 2 A  -0.7784  -1.4344  -3.2985  -5.8449  -2.5247  -0.1091    -2.48  -5.8122  -1.1738   1.2686   3.0403  -4.9554   3.0452  -2.9741     0.01  -0.6691   1.8549  -2.0906  -0.9876   0.8594
 3 A  -0.4918  -0.4778   0.2639   1.2777  -1.4455  -0.4479  -0.7176  -1.2389  -0.5786   0.0507  -0.2058  -0.4572   1.1885   1.1238   0.4293   0.5384  -0.7339   1.9383   1.9144  -1.3807
 4 A  -1.1974   0.2945   0.2426   0.9519  -0.3532   0.7376   0.5503   0.5957   -0.157  -0.7332   -0.842  -0.0946  -0.8332  -0.4596   1.2771   0.2604  -0.1037   1.6083   0.3509  -1.1052
 5 A  -0.1749  -0.2577    0.417  -0.2266  -0.6962  -0.2805  -0.6741  -0.6162  -0.0237   0.3452  -0.7867  -0.1951    0.111    0.442   0.4295  -0.1406   0.0311   2.2647   1.5029   0.3222
 6 A  -1.0446  -0.0677   0.7826  -0.4204   0.6616   0.6681  -1.2161  -0.6983  -0.4894   0.3556  -0.1468  -0.8019   0.7038   0.7066   0.5861   0.5157   0.7474   1.0634  -0.0829  -0.4054
 7 A   0.2147  -0.7774    0.308  -0.5632  -0.6524   0.3302  -1.3876  -1.4912   0.9483  -0.1103  -0.6275  -0.6587   0.7213   1.3633   0.4381   0.4705   0.7826   2.3225   0.9438  -0.4347
 8 A   0.0368  -0.4485  -0.3579  -0.2983  -0.3915  -0.0549   0.3082  -0.4881  -0.7883  -0.8161   -0.063  -0.5092   0.1319   0.8148   0.3426   0.8075   0.9983   1.5878   0.8121  -0.9256
 9 A  -0.2588   -2.102  -5.7364  -5.4768   -2.946  -3.5031   -4.902  -5.7371   -3.106   1.8143   2.2412  -0.3525   0.9094   0.2462  -4.4642  -3.3469   0.3541   1.8424   2.1238   2.7632
