            A        R        N        D        C        Q        E        G        H        I        L        K        M        F        P        S        T        W        Y        V
 1 A  -0.0061   0.0162  -0.0368  -0.0145   -0.026    -0.03  -0.0231  -0.0114  -0.0076   0.0029  -0.0059   0.1216  -0.0217  -0.0063  -0.0348  -0.0129  -0.0061   0.0043  -0.0921  -0.0017
 2 A   0.0482   0.0083  -0.0272   -0.097   0.0437  -0.0552  -0.1023    0.024  -0.0872  -0.0318  -0.0295  -0.0072   0.0536  -0.0564   -0.076   0.2376   0.2144   0.0246  -0.0138   0.0079
 3 A  -0.0371  -0.0072   0.0119  -0.2314  -0.0292  -0.0038   0.0301   0.0229  -0.0156   0.0432  -0.0354   0.0922  -0.0212   0.1011  -0.0006  -0.0329   0.0055   -0.026   0.0271   0.0147
 4 A  -0.0293  -0.0063   0.0143   -0.066  -0.0331   0.0407   -0.032   0.0011   0.0327   0.0269   0.0297   0.0367  -0.0265   0.0226   0.0629  -0.0246   0.0315  -0.0112   0.0185  -0.0689
 5 A   0.0282   0.0091   0.0185  -0.0111  -0.0169   0.0291   0.0152  -0.0254   0.0825  -0.0351  -0.0283  -0.0698  -0.0037   0.0058  -0.0068  -0.0193   0.0297   0.0054   0.0015   0.0893
 6 A  -0.0568    0.002   0.0284  -0.0105   0.0301   0.0091  -0.0356   0.0316    0.014   0.0366  -0.0241  -0.0711   0.0318    0.035  -0.0096  -0.0154   0.0187   0.0311   0.0156   0.0554
 7 A  -0.0353  -0.0603  -0.0347  -0.0187   0.0265   0.0029  -0.0402   0.0252   0.0428  -0.0162    0.048  -0.0293   0.0045  -0.0354   0.0221  -0.0538   0.0606  -0.0082   0.0267   0.0387
 8 A    0.005  -0.0267  -0.0324  -0.0279  -0.0335  -0.0289  -0.0202   0.0362   0.0044   0.0022  -0.0315   0.0344    0.005  -0.0218  -0.0182   0.0179  -0.0566    0.006   0.0346   0.0034
 9 A  -0.0191  -0.0005  -0.1011  -0.0504  -0.0848  -0.0441  -0.1438  -0.0438   -0.031   0.0215  -0.0134   0.0359    0.043   0.1405     -0.1  -0.0138  -0.0933   0.3545   0.1623  -0.0872
