            A        R        N        D        C        Q        E        G        H        I        L        K        M        F        P        S        T        W        Y        V
 1 A   0.2097   0.5635  -0.1629  -0.4979  -0.9809  -0.3635  -0.0323  -0.7285  -0.1666  -0.0017  -0.6211   0.2532   0.5243   1.1289  -1.2007   0.3949  -0.4027   1.0002   2.0497  -0.7392
 2 A  -0.5703  -1.1837  -2.4235  -3.7524  -1.7168  -0.2215  -1.8812  -3.8456  -1.0123   1.2245   2.6294  -2.9452   2.5658    -1.66  -0.0358  -0.5615   1.4514  -1.5761   -0.736   0.8771
 3 A  -0.3857  -0.3826   0.2021    1.027  -1.1588  -0.3365  -0.4888  -0.9718  -0.3746  -0.0004  -0.1431   -0.354   0.8696   0.9693   0.3417    0.372  -0.5283   1.7184   1.5924  -0.9407
 4 A  -0.8246   0.2391    0.225   0.7954  -0.3332   0.5767    0.467   0.5014  -0.0786  -0.6465   -0.708  -0.0285  -0.6642   -0.382   1.0844   0.2019  -0.0895   1.3791   0.2531  -0.8728
 5 A  -0.1409  -0.2144    0.295   -0.197  -0.5697  -0.2236  -0.4975   -0.499   0.0112   0.2575  -0.5465  -0.1649   0.0648    0.405   0.3433  -0.1095   0.0134   1.9973   1.2349   0.2418
 6 A  -0.7286  -0.0746   0.5927  -0.3372   0.5453   0.4668  -0.8556  -0.5633   -0.361   0.2617   -0.085  -0.5766   0.5162   0.5753   0.4769   0.3736   0.5633   0.9133  -0.0234  -0.2649
 7 A   0.1487  -0.5954   0.2156  -0.4582  -0.5261   0.2087  -0.9671   -1.143   0.7755  -0.0887  -0.4332  -0.4992   0.5168   1.1438   0.3542   0.3493   0.5866   2.0525   0.8257  -0.3039
 8 A   0.0357  -0.3474  -0.2665  -0.2261  -0.3231  -0.0388   0.2325  -0.3814  -0.5576  -0.6049  -0.0652   -0.367   0.0756   0.6741   0.2849   0.6152    0.759   1.3868   0.6704   -0.666
 9 A  -0.2297  -1.6337  -3.7131   -3.825   -1.976  -2.4089  -3.2228  -3.9021  -2.2352   1.6856   1.9746  -0.4619   0.9173   0.4416  -3.1774  -2.2312   0.2417   1.6504    1.777   2.3611
