            A        R        N        D        C        Q        E        G        H        I        L        K        M        F        P        S        T        W        Y        V
 1 A   0.2897   0.6918   -0.192  -0.6152   -1.184  -0.5223  -0.0419  -0.8959  -0.3022    0.051  -0.8444   0.3124   0.7157   1.2802   -1.486   0.5271  -0.5349   1.0753    2.388  -1.0163
 2 A  -0.7473  -1.3967  -3.1539  -5.4305  -2.3926  -0.1251  -2.3851  -5.4299  -1.1498   1.2623   2.9842  -4.5621   2.9804  -2.7423   0.0034  -0.6533   1.7997  -2.0101  -0.9497    0.862
 3 A  -0.4761  -0.4638    0.255   1.2426  -1.4021  -0.4315  -0.6833  -1.1986  -0.5481   0.0434  -0.1966   -0.442   1.1444   1.1019   0.4167   0.5148  -0.7031   1.9074   1.8699  -1.3126
 4 A  -1.1403   0.2866   0.2401   0.9298  -0.3503   0.7149   0.5384   0.5822  -0.1455  -0.7205  -0.8222  -0.0849  -0.8081  -0.4482     1.25    0.252  -0.1016   1.5762    0.337  -1.0704
 5 A  -0.1699  -0.2514   0.3996  -0.2223  -0.6775  -0.2722  -0.6478  -0.5989  -0.0186   0.3326  -0.7506  -0.1907   0.1044   0.4367   0.4172  -0.1361   0.0285   2.2274   1.4656   0.3107
 6 A  -0.9965  -0.0687   0.7558  -0.4082    0.645   0.6397  -1.1609  -0.6784  -0.4704   0.3422  -0.1378  -0.7681   0.6773    0.688   0.5705   0.4955   0.7214   1.0421  -0.0742  -0.3846
 7 A   0.2052  -0.7503   0.2948  -0.5478  -0.6338   0.3129  -1.3227   -1.438   0.9239  -0.1072  -0.5985   -0.635   0.6925   1.3325   0.4261   0.4532    0.755   2.2849    0.927  -0.4153
 8 A   0.0367  -0.4336  -0.3444  -0.2877  -0.3815  -0.0525   0.2973  -0.4724  -0.7537  -0.7845  -0.0633  -0.4881   0.1238   0.7948   0.3343   0.7804   0.9648   1.5595    0.792  -0.8865
 9 A  -0.2546  -2.0292  -5.3398  -5.1704  -2.7835  -3.3163  -4.5893  -5.3873  -2.9622    1.796   2.2041  -0.3681   0.9105   0.2754  -4.2381  -3.1558   0.3381   1.8153    2.076   2.7083
