            A        R        N        D        C        Q        E        G        H        I        L        K        M        F        P        S        T        W        Y        V
 1 A  -0.0166   0.0441     -0.1  -0.0395  -0.0706  -0.0815  -0.0627  -0.0309  -0.0206   0.0078  -0.0162   0.1158  -0.0591   0.0253  -0.0945   -0.001  -0.0165   0.0117  -0.1145  -0.0597
 2 A   0.0549   0.0153  -0.0285  -0.1109   0.0541  -0.0629  -0.1158   0.0337  -0.1008  -0.0098  -0.0803  -0.0064   0.0732  -0.0596  -0.0853   0.2809   0.2464   0.0669  -0.0121   0.0035
 3 A   -0.022   0.0145   0.0108  -0.2778  -0.0794  -0.0104   0.0817   0.0132  -0.0424   0.0269  -0.0961   0.1151  -0.0577   0.1051  -0.0017  -0.0893   0.0148  -0.0707   0.0185     0.04
 4 A  -0.0795  -0.0172   0.0389  -0.1026    -0.09   0.0616  -0.0323    0.003   0.0889    0.018   0.0807    0.008  -0.0721   0.0615   0.0804  -0.0669   0.0855  -0.0304   0.0502  -0.0893
 5 A   0.0767   0.0247   0.0502  -0.0302   -0.046   0.0792  -0.0137   0.0075   0.1336  -0.0407  -0.0771  -0.0683    -0.01   0.0157  -0.0184  -0.0526   0.0807   0.0147   -0.045   0.1276
 6 A  -0.0997   0.0054   0.0772  -0.0285   0.0817   0.0247  -0.0968   0.0859   0.0382   0.0995  -0.0655  -0.1516   0.0865     0.04  -0.0618   0.0008   0.0508   0.0846   0.0423    0.045
 7 A   -0.096  -0.1299  -0.0943  -0.0508    0.072   0.0078  -0.0545   0.0684   0.0257  -0.0442   0.0802  -0.0232   0.0122  -0.0963   0.0601  -0.1037   0.1159  -0.0224   0.0727   0.0501
 8 A   0.0119  -0.0727   -0.088  -0.0757  -0.0911  -0.0785  -0.0549   0.0432   0.0119  -0.0431  -0.0856   0.0935   0.0136  -0.0593  -0.0495   0.0488  -0.1112   0.0163    0.094   0.0153
 9 A   -0.052  -0.0012  -0.1281  -0.0722  -0.1091  -0.0613  -0.1821  -0.0583  -0.0463   0.0173  -0.0365   0.0977   0.0473   0.1476  -0.1248  -0.0253  -0.1152   0.3943   0.1783  -0.1142
