            A        R        N        D        C        Q        E        G        H        I        L        K        M        F        P        S        T        W        Y        V
 1 A   0.0823   0.3546  -0.1188  -0.3264  -0.6943  -0.1355  -0.0177  -0.4888   0.0302  -0.0846  -0.3084   0.1597   0.2029   0.8796  -0.8109   0.1792  -0.2108   0.8807   1.4378  -0.3593
 2 A  -0.3178  -0.8842  -1.5711  -2.2595  -0.9138  -0.3762  -1.2461   -2.402   -0.813   1.1655   1.9817  -1.4842   1.7837  -0.5275   -0.097  -0.4259   0.8178  -1.0152  -0.4356   0.9002
 3 A  -0.2519   -0.262   0.1187   0.6607  -0.8208  -0.1964  -0.2134  -0.6548  -0.1267   -0.069  -0.0627  -0.2238   0.3886   0.7528   0.2224   0.1379  -0.2787   1.4015   1.1063   -0.449
 4 A  -0.3983   0.1645   0.2016   0.5759  -0.3072   0.3507   0.3537   0.3727   0.0212  -0.5363  -0.5409   0.0561  -0.4562   -0.283   0.8099   0.1232   -0.071   1.0475   0.1193  -0.5934
 5 A  -0.0969  -0.1585   0.1265  -0.1585  -0.4115  -0.1505  -0.2807  -0.3518   0.0565    0.138  -0.2585  -0.1256   0.0029   0.3556    0.226   -0.069    -0.01   1.6035   0.8401   0.1327
 6 A  -0.3599  -0.0837   0.3225  -0.2313   0.3851   0.1791  -0.4416  -0.3951  -0.2004   0.1335  -0.0058   -0.305   0.2496   0.3931   0.3268   0.1757   0.3021   0.7034    0.053    -0.09
 7 A   0.0597  -0.3726   0.0894  -0.3257   -0.368   0.0409  -0.4939  -0.7414   0.5314  -0.0605  -0.1963  -0.3023   0.2241   0.8275   0.2403   0.1821   0.3072   1.6544   0.6628  -0.1407
 8 A   0.0342  -0.2196  -0.1506  -0.1338  -0.2355  -0.0178     0.13  -0.2469    -0.28   -0.349   -0.068  -0.1903     -0.0   0.4781   0.2072   0.3413   0.4111   1.0995   0.4731  -0.3571
 9 A  -0.1919  -1.1153   -2.247  -2.5185  -1.0569   -1.408  -1.9036  -2.5132  -1.3858   1.5074   1.5822  -0.6122   0.9276   0.6798  -2.0605  -1.2168   0.0872    1.377   1.2471   1.7298
