            A        R        N        D        C        Q        E        G        H        I        L        K        M        F        P        S        T        W        Y        V
 1 A  -0.0136   0.0361  -0.0819  -0.0324  -0.0578  -0.0668  -0.0514  -0.0253  -0.0169   0.0064  -0.0132   0.1176  -0.0484    0.016  -0.0774  -0.0046  -0.0135   0.0096  -0.1093  -0.0437
 2 A    0.053   0.0134  -0.0285   -0.108   0.0514  -0.0615   -0.113   0.0312   -0.098  -0.0165  -0.0658  -0.0069   0.0682  -0.0592  -0.0835   0.2705   0.2388   0.0548  -0.0128   0.0043
 3 A  -0.0258   0.0081   0.0109  -0.2674   -0.065  -0.0085   0.0669   0.0156  -0.0348    0.032  -0.0787   0.1095  -0.0472   0.1041  -0.0014  -0.0731   0.0121  -0.0578   0.0203   0.0327
 4 A  -0.0651  -0.0141   0.0318  -0.0925  -0.0737   0.0553  -0.0329   0.0024   0.0728   0.0199   0.0661   0.0159  -0.0591   0.0503   0.0758  -0.0548     0.07  -0.0249   0.0411  -0.0837
 5 A   0.0628   0.0203   0.0411  -0.0247  -0.0377   0.0648  -0.0061  -0.0023   0.1194  -0.0398  -0.0631    -0.07  -0.0082   0.0128   -0.015  -0.0431   0.0661   0.0121   -0.032   0.1174
 6 A  -0.0881   0.0044   0.0632  -0.0234   0.0669   0.0202  -0.0793   0.0703   0.0313   0.0814  -0.0537  -0.1295   0.0708   0.0379  -0.0464  -0.0041   0.0416   0.0693   0.0346    0.048
 7 A  -0.0786  -0.1101  -0.0772  -0.0416    0.059   0.0064   -0.051    0.056   0.0311  -0.0362   0.0714  -0.0259     0.01  -0.0788   0.0492  -0.0897   0.0997  -0.0184   0.0595   0.0462
 8 A   0.0096  -0.0595  -0.0721   -0.062  -0.0746  -0.0643  -0.0449   0.0406   0.0098  -0.0304  -0.0701   0.0765   0.0112  -0.0486  -0.0406   0.0399  -0.0958   0.0133    0.077   0.0113
 9 A  -0.0426   -0.001  -0.1215  -0.0666   -0.103  -0.0568  -0.1728  -0.0544  -0.0423   0.0188  -0.0299     0.08   0.0469   0.1467  -0.1186  -0.0221  -0.1097   0.3855   0.1751  -0.1075
