            A        R        N        D        C        Q        E        G        H        I        L        K        M        F        P        S        T        W        Y        V
 1 A    0.247   0.6236  -0.1763  -0.5516  -1.0732  -0.4359  -0.0367  -0.8048  -0.2285   0.0228  -0.7224   0.2808   0.6145   1.1999  -1.3293   0.4569  -0.4632   1.0352   2.2113  -0.8642
 2 A  -0.6509  -1.2803  -2.7389  -4.4113  -2.0102  -0.1765  -2.1036  -4.4737  -1.0751   1.2421   2.7991  -3.5841   2.7652  -2.1113  -0.0176  -0.6036   1.6179  -1.7689   -0.833   0.8701
 3 A  -0.4272  -0.4199   0.2267   1.1289  -1.2689  -0.3801  -0.5772  -1.0746  -0.4536     0.02  -0.1678  -0.3945   1.0001   1.0314   0.3767    0.439  -0.6079   1.8075   1.7242  -1.1069
 4 A  -0.9665   0.2612    0.232   0.8584  -0.3411   0.6415   0.5003   0.5391  -0.1094  -0.6805  -0.7603  -0.0545  -0.7299  -0.4124   1.1622   0.2252  -0.0951    1.472   0.2922  -0.9626
 5 A  -0.1543  -0.2315   0.3439  -0.2087  -0.6191   -0.246  -0.5661  -0.5448  -0.0026   0.2925  -0.6392  -0.1768   0.0832   0.4197   0.3778  -0.1218   0.0204   2.1061    1.344   0.2739
 6 A  -0.8495  -0.0719   0.6693  -0.3698   0.5919   0.5482  -0.9929   -0.616  -0.4111   0.2993  -0.1093  -0.6637   0.5919    0.628   0.5206   0.4307   0.6376   0.9736  -0.0468  -0.3197
 7 A    0.175  -0.6661   0.2525  -0.4993  -0.5754   0.2574  -1.1263  -1.2758   0.8451  -0.0972  -0.5086  -0.5613   0.5995   1.2327   0.3877   0.3979   0.6658   2.1624    0.873   -0.355
 8 A   0.0362   -0.387  -0.3023  -0.2545    -0.35  -0.0451   0.2627  -0.4232  -0.6467  -0.6866  -0.0643  -0.4225    0.098   0.7306   0.3079   0.6929   0.8561    1.468   0.7273   -0.766
 9 A  -0.2412  -1.8101  -4.3552  -4.3714  -2.3221  -2.7939  -3.7766  -4.4968  -2.5492   1.7372   2.0831  -0.4181   0.9141   0.3659  -3.6207  -2.6229   0.2867   1.7279   1.9193    2.527
