            A        R        N        D        C        Q        E        G        H        I        L        K        M        F        P        S        T        W        Y        V
 1 A     0.07   0.3342  -0.1147  -0.3108  -0.6688   -0.115  -0.0164  -0.4674   0.0479  -0.0925  -0.2807   0.1508   0.1709   0.8551  -0.7769   0.1581  -0.1934   0.8693   1.3732  -0.3262
 2 A  -0.2953  -0.8577  -1.5027  -2.1523  -0.8489  -0.3911  -1.1932  -2.2974   -0.795   1.1599   1.9128  -1.3787   1.6983  -0.4411  -0.1028  -0.4135   0.7506  -0.9678   -0.409   0.9023
 3 A  -0.2397   -0.251   0.1108   0.6238   -0.791  -0.1836  -0.1889  -0.6268  -0.1045  -0.0755  -0.0553  -0.2119   0.3391   0.7317    0.211   0.1149  -0.2564     1.37   1.0562  -0.4069
 4 A  -0.3614   0.1575   0.1994   0.5545  -0.3047   0.3285   0.3429   0.3603   0.0304  -0.5262  -0.5257   0.0639  -0.4374  -0.2739   0.7828   0.1158  -0.0693   1.0143   0.1065  -0.5685
 5 A  -0.0929  -0.1533   0.1102  -0.1549  -0.3971  -0.1437  -0.2612  -0.3384   0.0607   0.1266   -0.233   -0.122   -0.003   0.3509   0.2148  -0.0653  -0.0122   1.5637   0.8002   0.1223
 6 A  -0.3277  -0.0846   0.2959  -0.2216   0.3696   0.1506  -0.4056  -0.3798  -0.1858   0.1212   0.0015  -0.2808   0.2233   0.3754   0.3124   0.1564   0.2764   0.6829     0.06  -0.0742
 7 A   0.0512  -0.3526   0.0773  -0.3135  -0.3536   0.0247  -0.4533  -0.7064   0.5075  -0.0579  -0.1751  -0.2845   0.1951   0.7959   0.2293   0.1659   0.2795   1.6141   0.6471  -0.1259
 8 A   0.0341   -0.208    -0.14  -0.1253  -0.2274  -0.0158   0.1202  -0.2346  -0.2553  -0.3262  -0.0683  -0.1743  -0.0072    0.459   0.1998   0.3143   0.3762    1.071   0.4539  -0.3298
 9 A  -0.1884  -1.0711  -2.1412  -2.4217  -0.9841  -1.3298   -1.806  -2.4117  -1.3177   1.4901   1.5425  -0.6267   0.9286   0.7011  -1.9749  -1.1378   0.0723     1.35   1.1921   1.6629
