            A        R        N        D        C        Q        E        G        H        I        L        K        M        F        P        S        T        W        Y        V
 1 A   0.1033   0.3894  -0.1259  -0.3534  -0.7387  -0.1712  -0.0201  -0.5262  -0.0007  -0.0711  -0.3567    0.175   0.2574   0.9214  -0.8705   0.2152  -0.2409   0.9004   1.5459  -0.4174
 2 A  -0.3572  -0.9306  -1.6929  -2.4544  -1.0294  -0.3506  -1.3398  -2.5917  -0.8443   1.1751   2.0967  -1.6757   1.9254  -0.6831   -0.087  -0.4474   0.9301  -1.0988  -0.4821   0.8965
 3 A  -0.2731  -0.2812   0.1324   0.7231  -0.8728  -0.2186  -0.2562  -0.7038  -0.1654  -0.0578  -0.0755  -0.2445    0.472   0.7889    0.242    0.177  -0.3176   1.4552   1.1906   -0.523
 4 A  -0.4631   0.1767   0.2054   0.6126  -0.3114   0.3884   0.3723   0.3939   0.0053  -0.5538  -0.5672   0.0426  -0.4888  -0.2988   0.8561   0.1361   -0.074   1.1037   0.1414  -0.6367
 5 A   -0.104  -0.1675   0.1544  -0.1647  -0.4365  -0.1622  -0.3147  -0.3751   0.0492   0.1577  -0.3032  -0.1319    0.013   0.3636   0.2453  -0.0755  -0.0062   1.6709   0.9077   0.1506
 6 A  -0.4164  -0.0823    0.368  -0.2482   0.4116   0.2276  -0.5046  -0.4216  -0.2258   0.1547  -0.0185  -0.3472   0.2944   0.4234   0.3516   0.2086    0.346   0.7383   0.0408  -0.1176
 7 A   0.0743  -0.4075   0.1102  -0.3467   -0.393   0.0687  -0.5654  -0.8026   0.5723  -0.0651  -0.2333  -0.3333   0.2735    0.881    0.259   0.2098   0.3542   1.7226   0.6898  -0.1665
 8 A   0.0345  -0.2399   -0.169  -0.1486  -0.2495  -0.0212   0.1469  -0.2682  -0.3231  -0.3889  -0.0676  -0.2182   0.0123   0.5107   0.2199   0.3874   0.4703   1.1479   0.5059  -0.4048
 9 A   -0.198   -1.193   -2.439  -2.6936  -1.1871   -1.548    -2.08  -2.6971  -1.5073    1.537   1.6494  -0.5873   0.9259   0.6426  -2.2142  -1.3585   0.1127    1.423   1.3396   1.8417
